Accuracy: 0.9586273617118143
Precision: 0.9598561235535163
Recall: 0.9586273617118143
F1 (Weighted): 0.9586366416490537
F1 (Macro): 0.9586741666578561
